$ANSIBLE_VAULT;1.1;AES256
65663638316664366662333932643432393035316334616266623538316637326665636630396333
3339353062623631363162663034306562616335353834300a633939636235666139353334626634
33336436666136663138386433306237323366373537623263663736366235353439316464646531
6136643461303732630a663933313138353139303062326539663532626634333737343432656332
30353635353263613261333161663832636239343661356338393137396133613832393838343966
36333461336535376339396539323161643636613864656463356636323165666233393836313239
32316461393962653833343235343564326461323130303261343466326133303636366566363066
33663366663333333761633661303531346664393662356338313462666332326239643033643835
63306535353738316366643366633464303336666534653762623639323837316133326331313330
32333737653765396237393930363866396334396264613363393938663230366130336332393431
37373737313131383462393630353561613162363935373462626631396663316435643438313062
66333331386230663162626337623131626461626436636439326462326532313766646432333535
33356433643836306636643163346532343633616534326665333138393062303735323736383535
64363464356131316136363931636163303432376234383363396165333932396537653333616336
39626661663234633238623433643036323633666130396130303235306439636337626264386633
65363766323363363933616463363662333531653463623538356565616163393166383162636435
30616164383434336537373038376530306263623038346236393539356365373332353237623232
33616466316635333330336639303066343430663366323665616533323834353335306463316661
32633237313363646635343739353462353631636661613635666137633239346663323630643838
36383566346634613261396362663438353432343833666361383032633536636636616665376561
33336232373335353137336233643030626536613338373761323431303535366165336463383964
32333462336437636135633763323161336433366331623138333561366335623232366265343261
66313862653764306262623461323830343035346430363863376236383734646132653132366634
30353235653661636563643163353063646239333862363836313337633934386266373536323466
66396362666133303734383164306163636436343565326137323635633563316433383932646538
32373764663532323962363835346632663261303662386431303962376632303936383235663030
61363761336662653730636665626635616263386533656166366635306230306535636531346334
34363131386661653564613735346335636439363637336161613537393765333365393439653337
36303139363332393163326665366265633262623165663538613034373234323830376637316638
36316239393766353634386336623938346636663765376434343738343265313565643139353563
61626330326262653966613339363937353932313132353434623963643936363338306365326636
66316237363563393164323539396463326138653439643431643665336535643939323937313833
66393636303064656632643730633264653739386466663635653536643333363236633364393066
38353937396335396230353262653463663062616336303763326266636239356465336630666631
32326263306336343337313838376137623739343266643164663130386635383437333063366461
35386639613739666664386231353037353162643934316131323665613737393463303731376138
35663435396161623266336137643438626636616265376139353333663164646161613861303430
64343833383335346534303065353435623131313933646432303534333036633461383834383033
36356466343432386233393239656132373534336264616137626138616364636662356637333566
31303834383565666164303838623636613834386230323634353738666232666130666433623832
62353533363336376339393432633962386636396663333134616437643564366331376665383034
38336162313166373664656335626166306331633239383539333438636137316463663666336465
34393166333262323439373036323133383432656166623938343636393564623630343833646264
62633236353861616438
